0
0
0
0
0
0
0
0
0
0
0
0
0
0
0
0
0
0
0
0
0
0
0
0
0
0
0
0
0
0
0
0
0
0
0
0
0
0
0
0
0
0
0
0
0
0
0
0
0
0
0
0
0
0
0
0
0
0
0
0
0
0
0
0
0
0
0
0
0
0
0
0
0
0
0
0
0
0
0
0
0
0
0
0
0
0
0
0
0
0
0
0
0
0
0
0
0
0
0
0
0
0
0
0
0
0
0
0
0
0
0
0
0
0
0
0
0
0
-280
-1825
147
-1673
-949
-2066
814
-2135
648
-545
-230
-2534
-1090
-1842
870
-2794
169
-1011
-622
-3181
-581
-2314
0
-2550
-118
-1533
-156
-2924
-3
-2609
448
-2999
-327
-9
344
-2913
-685
-2408
868
-2647
-202
-529
0
-2060
90
-2784
378
-2928
-780
-1352
-514
-2925
681
-1948
-8
-3009
-2452
-1979
-12
-2261
566
-1851
-613
-3585
0
-2393
-1276
-3090
-1265
0
649
0
0
0
-1660
-2355
-567
-1996
-1589
-3017
0
-2914
-335
0
0
0
0
0
0
0
-230
0
0
0
96
0
-224
0
-1362
0
0
0
0
0
0
0
0
0
0
0
0
0
0
0
0
0
0
0
0
0
0
0
0
0
0
0
0
0
0
0
0
0
0
0
0
0
0
0
0
0
0
0
0
0
0
0
0
0
0
0
0
0
0
0
0
0
0
0
0
0
0
0
0
0
0
0
0
0
0
0
0
0
0
0
0
0
0
0
0
0
0
0
0
0
0
0
0
0
0
0
0
0
0
0
0
0
0
0
0
0
0
0
