0
0
0
0
0
0
0
0
0
0
0
0
0
0
0
0
0
0
0
0
0
0
0
0
0
0
0
0
0
0
0
0
0
0
0
0
0
0
0
0
0
0
0
0
0
0
0
0
0
0
0
0
0
0
0
0
0
0
0
0
0
0
0
0
0
0
0
0
0
0
0
0
0
0
0
0
0
0
0
0
0
0
0
0
0
0
0
0
0
0
0
0
0
0
0
0
0
0
0
0
0
0
0
0
0
0
0
0
0
0
0
0
0
0
0
0
0
0
-942
-1531
-508
-1448
-1664
-1844
316
-1885
218
-286
-751
-2269
-1766
-1526
519
-2407
-301
-632
-1092
-2705
-1101
-1843
0
-2037
-510
-1036
-460
-2356
-366
-2046
227
-2331
-649
522
202
-2325
-1021
-1730
840
-2002
-387
105
0
-1385
55
-1921
431
-2040
-803
-533
-488
-2028
915
-1000
118
-2014
-2340
-955
225
-1189
909
-795
-362
-2428
0
-1297
-1063
-1950
-1097
0
1176
0
0
0
-1429
-1138
-187
-728
-1258
-1620
0
-1519
223
0
0
0
0
0
0
0
0
0
0
0
0
0
0
0
0
0
0
0
0
0
0
0
0
0
0
0
0
0
0
0
0
0
0
0
0
0
0
0
0
0
0
0
0
0
0
0
0
0
0
0
0
0
0
0
0
0
0
0
0
0
0
0
0
0
0
0
0
0
0
0
0
0
0
0
0
0
0
0
0
0
0
0
0
0
0
0
0
0
0
0
0
0
0
0
0
0
0
0
0
0
0
0
0
0
0
0
0
0
0
0
0
0
0
0
0
0
0
0
